398080
398080
398080
398080
274816
143845
238012
58023
0
78487
0
125028
105061
124376
99570
0
104941
0
0
0
0
170514
0
86933
0
0
103373
195510
115876
191818
135267
156945
133821
264076
302328
333164
278406
316319
277066
318275
316478
268660
335224
336762
337829
339903
332368
319200
338195
339081
322200
341836
323631
306792
324226
298446
309748
317116
286787
398080
398080
398080
398029
389207
374156
364175
349937
315991
243855
246647
204588
161549
116419
146551
171328
111780
137619
88032
25517
0
83595
16350
80784
197687
20523
32627
0
97187
181369
81216
36111
135122
42016
22706
70085
29050
92904
73104
61474
0
0
83150
66139
0
37867
125510
0
26815
0
0
105026
0
86469
120625
153567
0
0
27842
398080
398080
398080
398080
323455
239926
99179
88277
243161
0
224112
136094
137332
246655
52147
0
0
107511
120709
69972
0
0
0
0
123095
138593
132634
