398080
398080
398014
397555
161327
0
0
0
0
6916
0
0
24985
25608
0
0
0
176492
77395
144772
154860
133613
179763
148987
131121
122161
111868
119637
138407
82910
0
11652
0
0
0
0
0
0
0
0
0
0
0
0
0
0
0
0
0
11139
0
0
9248
0
0
0
0
0
0
648
22611
60707
26698
55048
0
100435
101614
45970
20752
23595
18606
0
15799
17338
14344
13082
0
398080
398080
398014
397555
161327
0
0
0
0
6916
0
0
24954
25652
0
0
0
175722
78284
144311
155196
134335
176130
90747
130679
120188
111914
118247
138330
83541
0
12164
0
0
0
0
0
0
0
0
0
0
0
0
0
0
0
0
7391
9421
0
0
9277
0
0
0
0
0
0
398080
398080
397763
397012
146165
26021
8729
0
17361
0
0
0
9335
8801
7764
6821
0
0
0
16627
29120
10730
5344
5333
53165
5861
4974
0
14330
15860
15709
94152
29182
35030
0
44485
0
28315
27682
124260
46299
105327
28958
115069
88464
86582
120154
38547
95444
104011
0
64877
14034
17407
0
0
0
13370
17046
