398080
398080
398080
398080
374288
308903
322429
206614
176434
273103
218338
323948
159427
257060
76436
133050
112618
20636
24437
29858
34616
135927
131271
61700
92530
0
0
0
0
0
0
0
0
16888
43180
43578
58406
0
9477
9103
9223
24356
12373
10860
20805
0
25032
31115
0
25115
21862
81541
140224
35770
89064
0
46682
85737
40475
398080
398080
398080
398080
209394
101694
117947
179404
190631
261111
227708
245077
286620
308503
454993
363423
322165
283105
265496
306735
441889
217432
284150
183966
363849
235794
159559
217081
257592
180786
263961
171235
230493
196878
189824
227399
185979
157682
207714
252079
213514
306413
123300
118285
183464
215982
175164
197410
64862
146686
179612
296466
129202
0
154572
148494
156794
146051
216231
398080
398080
398080
398080
386474
337925
262384
174509
171423
321364
257086
485243
191565
131329
165913
130902
110273
95773
170011
97037
78339
75998
71820
71295
53380
49846
28052
108614
80945
139806
73118
138030
61296
24691
45905
29584
52514
0
0
0
0
0
0
0
144648
0
0
25473
0
0
8865
0
8087
0
0
0
0
47358
9565
