398080
398080
398080
398080
397940
208005
250422
0
0
0
0
0
0
0
0
0
0
0
0
0
11643
159416
12085
0
30849
0
0
67139
0
0
0
0
76372
0
0
0
0
0
48063
42575
0
0
8554
0
56239
28333
33273
27938
0
81211
59575
0
0
43565
107417
36860
73310
0
0
398080
398080
398080
398080
339156
262443
252146
235239
308993
438624
272324
282187
285867
337166
327614
312644
287918
299900
290455
415466
214623
368008
243542
252488
300662
306289
235797
305740
180022
0
194951
210185
185546
176968
300195
211778
139875
0
174953
157440
180516
130042
195616
54393
106516
171262
188052
183792
174949
147472
190083
158668
166488
288033
297684
304020
307713
319147
315715
398080
398080
398080
398080
333229
203493
160510
36693
0
0
15698
17359
94971
0
139259
89606
101118
0
6402
0
0
0
41760
0
0
0
0
0
0
0
0
0
0
119315
73556
0
0
83214
0
0
0
0
0
0
0
0
0
0
0
