398080
398080
398080
398080
397912
383363
342409
271033
206055
190003
279154
166017
151611
136184
160612
114539
66682
47284
127719
88444
73285
26672
95538
86085
22152
41524
116703
53346
31937
0
92533
0
111304
107286
62270
106589
44363
236979
137148
150321
135444
165752
97823
77380
0
73560
80342
71474
128575
274015
151571
0
190735
161518
226458
257421
216553
235717
242614
398080
398080
398067
397916
378959
328227
291377
230816
290489
226987
286669
124381
141267
122748
111393
138401
104690
100183
127124
70200
59712
137548
92882
59002
42907
36276
70952
90496
26112
26993
38527
100598
87269
47856
32552
66452
33398
25442
23025
17825
133817
17644
31084
24379
69707
60856
24090
79125
26228
185718
40584
94757
146984
98187
86069
133826
54394
185227
111102
398080
398080
398080
397927
273548
280491
165149
0
67551
0
30556
111746
118783
0
144914
116816
0
107752
131229
135832
234836
341976
262528
217836
255253
269340
282446
272624
281691
251777
233866
214111
214630
221164
157442
162815
0
0
93475
107928
101293
111726
151764
89103
75549
73565
131430
185829
183099
166945
182231
190455
155033
122151
